0.0000000000140094602585350000000000000000 | 0.0000052933014293210270000000000000000000 
0.0000001020223348024984500000000000000000 | 0.0000058438781627215275000000000000000000 
0.0000002432407835151195700000000000000000 | 0.0000069662022364400111000000000000000000 
0.0000003365068513838664900000000000000000 | 0.0000064213295781420654000000000000000000 
0.0000002801597011048429000000000000000000 | 0.0000040065868457811460000000000000000000 
0.0000006149091671403539300000000000000000 | 0.0000070287309974076395000000000000000000 
0.0000004820749832656900900000000000000000 | 0.0000045867397890642092000000000000000000 
0.0000004962076933789916200000000000000000 | 0.0000040413562236440992000000000000000000 
0.0000005277521027968745700000000000000000 | 0.0000037552037867594201000000000000000000 
0.0000002103735736724843300000000000000000 | 0.0000013282525300473136000000000000000000 
0.0000001403481761919067600000000000000000 | 0.0000007959561088843880600000000000000000 
0.0000003127492436139078800000000000000000 | 0.0000016089486813697373000000000000000000 
0.0000005226067699704017900000000000000000 | 0.0000024586568792839270000000000000000000 
0.0000011159695694207272000000000000000000 | 0.0000048337416066468464000000000000000000 
0.0000013299715463377382000000000000000000 | 0.0000053341632133274697000000000000000000 
0.0000018929827618752171000000000000000000 | 0.0000070648127276085049000000000000000000 
0.0000019389450570672651000000000000000000 | 0.0000067619962426657132000000000000000000 
0.0000018985427691076140000000000000000000 | 0.0000062099270707882681000000000000000000 
0.0000012503874805558368000000000000000000 | 0.0000038483243115505772000000000000000000 
0.0000022872099664228429000000000000000000 | 0.0000066424657573227464000000000000000000 
0.0000024945761821770773000000000000000000 | 0.0000068537155123449267000000000000000000 
0.0000019774270837435992000000000000000000 | 0.0000051514173263211838000000000000000000 
0.0000018618458194064047000000000000000000 | 0.0000046082641413369707000000000000000000 
0.0000009855527309809986000000000000000000 | 0.0000023218254124879323000000000000000000 
0.0000008061659614311267300000000000000000 | 0.0000018106836482956190000000000000000000 
0.0000001824581605802677600000000000000000 | 0.0000003912826608831743200000000000000000 
0.0000005873220914054400100000000000000000 | 0.0000012041869814072292000000000000000000 
0.0000017176132106611064000000000000000000 | 0.0000033709907843459952000000000000000000 
0.0000020298402274576688000000000000000000 | 0.0000038175552634078791000000000000000000 
0.0000022316811298939143000000000000000000 | 0.0000040260384799317706000000000000000000 
0.0000035252664398743860000000000000000000 | 0.0000061058924113455149000000000000000000 
0.0000039076515083724672000000000000000000 | 0.0000065033700055172616000000000000000000 
0.0000027685116579245772000000000000000000 | 0.0000044305716991877020000000000000000000 
0.0000037913407849865521000000000000000000 | 0.0000058381098864135339000000000000000000 
0.0000032711495170367755000000000000000000 | 0.0000048497104850886430000000000000000000 
0.0000030475270833552059000000000000000000 | 0.0000043523455157679081000000000000000000 
0.0000016845439174684174000000000000000000 | 0.0000023185834161498775000000000000000000 
0.0000015565266491268659000000000000000000 | 0.0000020655867645213988000000000000000000 
0.0000012596939868991797000000000000000000 | 0.0000016123386359367942000000000000000000 
0.0000002501470452997978100000000000000000 | 0.0000003089058389083021400000000000000000 
0.0000008391835624177446100000000000000000 | 0.0000010000989950631478000000000000000000 
0.0000024400909258703862000000000000000000 | 0.0000028069938134978045000000000000000000 
0.0000028502399677110546000000000000000000 | 0.0000031654995911178929000000000000000000 
0.0000045716188785682732000000000000000000 | 0.0000049024296316924065000000000000000000 
0.0000050395651786105944000000000000000000 | 0.0000052185862972065067000000000000000000 
0.0000053196383098530475000000000000000000 | 0.0000053196000284749800000000000000000000 
0.0000049835097224448788000000000000000000 | 0.0000048125543674615301000000000000000000 
0.0000046634269760259528000000000000000000 | 0.0000043487452933144155000000000000000000 
0.0000029226436570883862000000000000000000 | 0.0000026315714978242255000000000000000000 
0.0000025603585773747994000000000000000000 | 0.0000022256941798470820000000000000000000 
0.0000007497595843064530600000000000000000 | 0.0000006291238474620541900000000000000000 
0.0000000549385092973864180000000000000000 | 0.0000000444883476724555750000000000000000 
0.0000018698565235064635000000000000000000 | 0.0000014608890216427639000000000000000000 
0.0000023265767676861060000000000000000000 | 0.0000017531967348993760000000000000000000 
0.0000025829660348364314000000000000000000 | 0.0000018766291468574892000000000000000000 
0.0000046200402165075261000000000000000000 | 0.0000032349689452759733000000000000000000 
0.0000051206357255528800000000000000000000 | 0.0000034538909149395280000000000000000000 
0.0000055640366326548119000000000000000000 | 0.0000036133555160189346000000000000000000 
0.0000047077094808001263000000000000000000 | 0.0000029416865821030314000000000000000000 
0.0000062232521148564146000000000000000000 | 0.0000037393396797869016000000000000000000 
0.0000058228797379378250000000000000000000 | 0.0000033618689762038301000000000000000000 
0.0000037402172324285665000000000000000000 | 0.0000020732478036578073000000000000000000 
0.0000035290125057207966000000000000000000 | 0.0000018764192989406681000000000000000000 
0.0000030798144091126467000000000000000000 | 0.0000015692514132581437000000000000000000 
0.0000009104656839564739800000000000000000 | 0.0000004440646176329110500000000000000000 
0.0000000951059113130092730000000000000000 | 0.0000000443486478651777820000000000000000 
0.0000021092256314858560000000000000000000 | 0.0000009390854434077056100000000000000000 
0.0000026226416905972272000000000000000000 | 0.0000011132416937176259000000000000000000 
0.0000049112630829961645000000000000000000 | 0.0000019842653676827027000000000000000000 
0.0000054565066349709923000000000000000000 | 0.0000020945399273886167000000000000000000 
0.0000065466287698101588000000000000000000 | 0.0000023828057169605898000000000000000000 
0.0000063334751222443586000000000000000000 | 0.0000021808159259562032000000000000000000 
0.0000041591247174621593000000000000000000 | 0.0000013513726877523169000000000000000000 
0.0000065224425749299542000000000000000000 | 0.0000019940883818625466000000000000000000 
0.0000070761316496303905000000000000000000 | 0.0000020290219713281488000000000000000000 
0.0000073583850537239925000000000000000000 | 0.0000019717055204093725000000000000000000 
0.0000050170755306888637000000000000000000 | 0.0000012509126697812789000000000000000000 
0.0000045153224507155088000000000000000000 | 0.0000010424566758704401000000000000000000 
0.0000021390032435564255000000000000000000 | 0.0000004546622521806043000000000000000000 
0.0000012881579352086447000000000000000000 | 0.0000002503937981401804800000000000000000 
0.0000011177862493660928000000000000000000 | 0.0000001970955553209918800000000000000000 
0.0000016510240325173786000000000000000000 | 0.0000002614956007285229600000000000000000 
0.0000040788183317264082000000000000000000 | 0.0000005732332054586564100000000000000000 
0.0000043657152350023987000000000000000000 | 0.0000005360340176174816000000000000000000 
0.0000049117444641810781000000000000000000 | 0.0000005162343976738981200000000000000000 
0.0000073542823365441157000000000000000000 | 0.0000006433912663750263100000000000000000 
0.0000043325856828729803000000000000000000 | 0.0000003029558092171313900000000000000000 
0.0000067476766110532993000000000000000000 | 0.0000003536100245948858900000000000000000 
0.0000072927980565157258000000000000000000 | 0.0000002546458119923045200000000000000000 
0.0000055171330394544749000000000000000000 | 0.0000000963189251690366180000000000000000 
0.0000049665065327828907000000000000000000 | 0.0000000000139560585310505300000000000000 
