0.0000048850363930652563000000000000000000 | 0.0031257077475746685000000000000000000000 
0.0000231572351246933650000000000000000000 | 0.0012797418597303122000000000000000000000 
0.0000189973699799006470000000000000000000 | 0.0005483263202789301300000000000000000000 
0.0001216896032634196000000000000000000000 | 0.0023760544026878230000000000000000000000 
0.0002579305181276136900000000000000000000 | 0.0035954425939735690000000000000000000000 
0.0000587899215831466650000000000000000000 | 0.0006693816667466961900000000000000000000 
0.0001202373715342153200000000000000000000 | 0.0011503817976932090000000000000000000000 
0.0003596145621450608200000000000000000000 | 0.0029654356137928523000000000000000000000 
0.0004190324024300196000000000000000000000 | 0.0029496819832880994000000000000000000000 
0.0001806616360993107400000000000000000000 | 0.0011364208243258567000000000000000000000 
0.0001178222859372635200000000000000000000 | 0.0006695342618889266200000000000000000000 
0.0004755419095255897200000000000000000000 | 0.0024629398149794979000000000000000000000 
0.0006991522662824767300000000000000000000 | 0.0032624810859011033000000000000000000000 
0.0003403224245179803400000000000000000000 | 0.0014690444527672708000000000000000000000 
0.0000779848879943756400000000000000000000 | 0.0003129954137907620100000000000000000000 
0.0005545285893038265400000000000000000000 | 0.0020784690342917633000000000000000000000 
0.0010586297598903505000000000000000000000 | 0.0036654765081614027000000000000000000000 
0.0005821753171789678700000000000000000000 | 0.0018974732226553215000000000000000000000 
0.0000482703981345977700000000000000000000 | 0.0001485215809713946700000000000000000000 
0.0007872870924705566200000000000000000000 | 0.0022954926060339553000000000000000000000 
0.0012218026389598791000000000000000000000 | 0.0033384008033663370000000000000000000000 
0.0006200601223870227900000000000000000000 | 0.0016111540663511503000000000000000000000 
0.0000447247635463332570000000000000000000 | 0.0001107167310358536700000000000000000000 
0.0007594032022452124100000000000000000000 | 0.0017938982256794356000000000000000000000 
0.0015303409772570165000000000000000000000 | 0.0034547539192586463000000000000000000000 
0.0009342131514319396100000000000000000000 | 0.0019976730882828586000000000000000000000 
0.0001042914896417501700000000000000000000 | 0.0002137647677445953000000000000000000000 
0.0007210611735081196000000000000000000000 | 0.0014179495414951560000000000000000000000 
0.0016010188195600961000000000000000000000 | 0.0030235454442101850000000000000000000000 
0.0012367633408616463000000000000000000000 | 0.0022244997266134825000000000000000000000 
0.0003585132713379568500000000000000000000 | 0.0006204498674586833600000000000000000000 
0.0005731852192915054500000000000000000000 | 0.0009551452571230356600000000000000000000 
0.0015556338692082061000000000000000000000 | 0.0024977049063967804000000000000000000000 
0.0010566452265774462000000000000000000000 | 0.0016236462398752094000000000000000000000 
0.0000607270711043828020000000000000000000 | 0.0000900210659432465480000000000000000000 
0.0009864404056991737900000000000000000000 | 0.0014113679616619690000000000000000000000 
0.0020818459785885146000000000000000000000 | 0.0028761394818457298000000000000000000000 
0.0014562713494047363000000000000000000000 | 0.0019276886368483348000000000000000000000 
0.0003605525038452572800000000000000000000 | 0.0004612079640819999300000000000000000000 
0.0007817649446010266300000000000000000000 | 0.0009666275188294770600000000000000000000 
0.0020598245553039574000000000000000000000 | 0.0024628225293428230000000000000000000000 
0.0018222736414155172000000000000000000000 | 0.0020904254758599139000000000000000000000 
0.0006311013437598767000000000000000000000 | 0.0007002452452800067600000000000000000000 
0.0006039181886222655400000000000000000000 | 0.0006481985972939252600000000000000000000 
0.0018949083241761588000000000000000000000 | 0.0019676067359761795000000000000000000000 
0.0023018361916974373000000000000000000000 | 0.0022943680744983430000000000000000000000 
0.0019678418125509411000000000000000000000 | 0.0018951353349873079000000000000000000000 
0.0006484375999495917100000000000000000000 | 0.0006041410622075194000000000000000000000 
0.0007000023893459772500000000000000000000 | 0.0006308826752899898700000000000000000000 
0.0020901788406237909000000000000000000000 | 0.0018220592446694939000000000000000000000 
0.0024630728687535797000000000000000000000 | 0.0020600346150189131000000000000000000000 
0.0009668814861590879800000000000000000000 | 0.0007819706032986539800000000000000000000 
0.0004609504461944302600000000000000000000 | 0.0003603513088105136900000000000000000000 
0.0019274276468451701000000000000000000000 | 0.0014560746793189638000000000000000000000 
0.0028764038644644163000000000000000000000 | 0.0020820380638179037000000000000000000000 
0.0014116356563627086000000000000000000000 | 0.0009866278475610945600000000000000000000 
0.0000897501407027823110000000000000000000 | 0.0000605443297064800490000000000000000000 
0.0016233721666214507000000000000000000000 | 0.0010564672413084786000000000000000000000 
0.0024979820441783929000000000000000000000 | 0.0015558070441323846000000000000000000000 
0.0009554253750136965100000000000000000000 | 0.0005733535311200910200000000000000000000 
0.0006201668547852756700000000000000000000 | 0.0003583498738742863000000000000000000000 
0.0022242139053659793000000000000000000000 | 0.0012366049075354102000000000000000000000 
0.0030238339869678721000000000000000000000 | 0.0016011722404886131000000000000000000000 
0.0014182407178703893000000000000000000000 | 0.0007212095353055225600000000000000000000 
0.0002134710464471445400000000000000000000 | 0.0001041482321679776400000000000000000000 
0.0019973769115332884000000000000000000000 | 0.0009340750419192245200000000000000000000 
0.0034550524612418365000000000000000000000 | 0.0015304738967389930000000000000000000000 
0.0017941990419575449000000000000000000000 | 0.0007595308912079490300000000000000000000 
0.0001110197299775128600000000000000000000 | 0.0000448471830946095550000000000000000000 
0.0016108489770425005000000000000000000000 | 0.0006199430095433777800000000000000000000 
0.0033380937166238023000000000000000000000 | 0.0012216908684946626000000000000000000000 
0.0022958015966690337000000000000000000000 | 0.0007873934865110232600000000000000000000 
0.0001482107805654830900000000000000000000 | 0.0000481694129274012890000000000000000000 
0.0018971607071511798000000000000000000000 | 0.0005820797715662129300000000000000000000 
0.0036651623727544380000000000000000000000 | 0.0010585396829760896000000000000000000000 
0.0020787846939129828000000000000000000000 | 0.0005546131700813195000000000000000000000 
0.0003133125014734006200000000000000000000 | 0.0000780639468709320990000000000000000000 
0.0014687260336113395000000000000000000000 | 0.0003402489116244300500000000000000000000 
0.0032621614322653758000000000000000000000 | 0.0006990843217646869300000000000000000000 
0.0024632606057256590000000000000000000000 | 0.0004756042649710634500000000000000000000 
0.0006698560920294083200000000000000000000 | 0.0001178790333163926000000000000000000000 
0.0011360980528233866000000000000000000000 | 0.0001806105140722547000000000000000000000 
0.0029493583687431324000000000000000000000 | 0.0004189869213273578200000000000000000000 
0.0029657599728042106000000000000000000000 | 0.0003596543884692993100000000000000000000 
0.0011507068023683259000000000000000000000 | 0.0001202715309486235300000000000000000000 
0.0006690561154075597200000000000000000000 | 0.0000587614394839119920000000000000000000 
0.0035951165951364772000000000000000000000 | 0.0002579077220195014100000000000000000000 
0.0023763807497207343000000000000000000000 | 0.0001217067064366306200000000000000000000 
0.0005486529160990058500000000000000000000 | 0.0000190087750083778320000000000000000000 
0.0012794151146070451000000000000000000000 | 0.0000231515317150599030000000000000000000 
0.0031253809526781305000000000000000000000 | 0.0000048850363396635288000000000000000000 
