0.0000000000000023314683517128287000000000 | 0.0000000711166004401346040000000000000000 
0.0000000000613180617392572460000000000000 | 0.0000000035129239517317501000000000000000 
0.0000000021951965800681705000000000000000 | 0.0000000628621708784193880000000000000000 
0.0000000058641544953275115000000000000000 | 0.0000001118948727771296200000000000000000 
0.0000000057523515950563819000000000000000 | 0.0000000822625229324192020000000000000000 
0.0000000019374138959804554000000000000000 | 0.0000000221447463977231250000000000000000 
0.0000000038841295735281278000000000000000 | 0.0000000369550280931996160000000000000000 
0.0000000122625029019829410000000000000000 | 0.0000000998700542959030100000000000000000 
0.0000000134468035595247670000000000000000 | 0.0000000956790306427812710000000000000000 
0.0000000052416530005316986000000000000000 | 0.0000000330945028048645900000000000000000 
0.0000000045548036453624263000000000000000 | 0.0000000258315810963694050000000000000000 
0.0000000170473272165239110000000000000000 | 0.0000000877008963229286560000000000000000 
0.0000000021186826737462638000000000000000 | 0.0000000099676216447353028000000000000000 
0.0000000164913364075758300000000000000000 | 0.0000000714318317274198480000000000000000 
0.0000000254916876496480430000000000000000 | 0.0000001022416178109164500000000000000000 
0.0000000109372757517434140000000000000000 | 0.0000000408184804845390660000000000000000 
0.0000000003157651917717885200000000000000 | 0.0000000011012034062396481000000000000000 
0.0000000183749594429016840000000000000000 | 0.0000000601017913770540700000000000000000 
0.0000000347515252130392580000000000000000 | 0.0000001069542404641410400000000000000000 
0.0000000026470623470942201000000000000000 | 0.0000000076876280341586778000000000000000 
0.0000000074610079225934101000000000000000 | 0.0000000204989560326218620000000000000000 
0.0000000304353751090502560000000000000000 | 0.0000000792868721788408950000000000000000 
0.0000000309376095852798020000000000000000 | 0.0000000765732974250532550000000000000000 
0.0000000074014663287158555000000000000000 | 0.0000000174367661420760100000000000000000 
0.0000000181074500948952280000000000000000 | 0.0000000406700066957199620000000000000000 
0.0000000313180398281431850000000000000000 | 0.0000000671617632619359030000000000000000 
0.0000000124843529958340580000000000000000 | 0.0000000255967235740506280000000000000000 
0.0000000398907267218362450000000000000000 | 0.0000000782899706175399500000000000000000 
0.0000000408863701784056840000000000000000 | 0.0000000768961050390259970000000000000000 
0.0000000222863126841943430000000000000000 | 0.0000000402055841397519490000000000000000 
0.0000000085715368136618508000000000000000 | 0.0000000148463417115607400000000000000000 
0.0000000395962155286255780000000000000000 | 0.0000000658991810009723620000000000000000 
0.0000000521578754630880330000000000000000 | 0.0000000834700788487907630000000000000000 
0.0000000393147396859916400000000000000000 | 0.0000000605394095964939540000000000000000 
0.0000000047758512700113442000000000000000 | 0.0000000070804921925571307000000000000000 
0.0000000293645729954050690000000000000000 | 0.0000000419369662330026930000000000000000 
0.0000000671890084680271120000000000000000 | 0.0000000924777512345542620000000000000000 
0.0000000499488179706020220000000000000000 | 0.0000000662843439025451180000000000000000 
0.0000000120222163335625960000000000000000 | 0.0000000153877397490731480000000000000000 
0.0000000250845135774113710000000000000000 | 0.0000000309768027895174210000000000000000 
0.0000000037057417134889192000000000000000 | 0.0000000044163316337275660000000000000000 
0.0000000156278678886678790000000000000000 | 0.0000000179778110176442850000000000000000 
0.0000000584032541217638370000000000000000 | 0.0000000648633997624159520000000000000000 
0.0000000625275526910940020000000000000000 | 0.0000000670526176804742140000000000000000 
0.0000000118464954512731420000000000000000 | 0.0000000122674086444618520000000000000000 
0.0000000091162551951740056000000000000000 | 0.0000000091162586368653820000000000000000 
0.0000000758400006128923110000000000000000 | 0.0000000732378546697276530000000000000000 
0.0000000426813504539325090000000000000000 | 0.0000000398010185920227850000000000000000 
0.0000000008130094375502494600000000000000 | 0.0000000007320377637398678400000000000000 
0.0000000487206385235694480000000000000000 | 0.0000000423522176218327220000000000000000 
0.0000000721165097639087090000000000000000 | 0.0000000605129539810178580000000000000000 
0.0000000377044936383796880000000000000000 | 0.0000000305325074112516860000000000000000 
0.0000000850292175558209350000000000000000 | 0.0000000664321241350407380000000000000000 
0.0000000535447338689820640000000000000000 | 0.0000000403488698008658280000000000000000 
0.0000000209798003414363170000000000000000 | 0.0000000152427235278196350000000000000000 
0.0000000304566740716438740000000000000000 | 0.0000000213260015202720870000000000000000 
0.0000000803477708810618200000000000000000 | 0.0000000541952741572870880000000000000000 
0.0000000652966148928513230000000000000000 | 0.0000000424041395330476690000000000000000 
0.0000000437729776869844040000000000000000 | 0.0000000273524061178420650000000000000000 
0.0000000098541099724513970000000000000000 | 0.0000000059209499525536557000000000000000 
0.0000000616897887217859870000000000000000 | 0.0000000356166317549977410000000000000000 
0.0000000910243239116148570000000000000000 | 0.0000000504556388891685970000000000000000 
0.0000000555833472026812100000000000000000 | 0.0000000295542079697952430000000000000000 
0.0000000004539069120568228800000000000000 | 0.0000000002312775526647215000000000000000 
0.0000000538353800427771030000000000000000 | 0.0000000262572834586194400000000000000000 
0.0000000129343817878435630000000000000000 | 0.0000000060314052641174953000000000000000 
0.0000000400657739763055080000000000000000 | 0.0000000178384427229616450000000000000000 
0.0000000987875865554599390000000000000000 | 0.0000000419328649581274250000000000000000 
0.0000000625434616874365190000000000000000 | 0.0000000252692190505499070000000000000000 
0.0000000032195285881719826000000000000000 | 0.0000000012358627454744919000000000000000 
0.0000000625476126447921390000000000000000 | 0.0000000227654853857117700000000000000000 
0.0000000912490710214264310000000000000000 | 0.0000000314195964801200490000000000000000 
0.0000000357444311371857280000000000000000 | 0.0000000116140805861419950000000000000000 
0.0000000244129000348536350000000000000000 | 0.0000000074637794833520843000000000000000 
0.0000000860539666192039480000000000000000 | 0.0000000246755990085389950000000000000000 
0.0000001041112066002547500000000000000000 | 0.0000000278965498479166740000000000000000 
0.0000000433437467861619300000000000000000 | 0.0000000108068231030600260000000000000000 
0.0000000146794056632426620000000000000000 | 0.0000000033890126260871511000000000000000 
0.0000000764774572281634590000000000000000 | 0.0000000162558051464145590000000000000000 
0.0000000009483007712418611800000000000000 | 0.0000000001843307728677245900000000000000 
0.0000000612020987222905430000000000000000 | 0.0000000107915979485895260000000000000000 
0.0000001151004834221147600000000000000000 | 0.0000000182301668205653300000000000000000 
0.0000000529030286522402800000000000000000 | 0.0000000074350530177014207000000000000000 
0.0000000121524804524986150000000000000000 | 0.0000000014921405222523276000000000000000 
0.0000000509371532037006250000000000000000 | 0.0000000053537252409086022000000000000000 
0.0000001101847627443808300000000000000000 | 0.0000000096399460636220624000000000000000 
0.0000000674142421330792270000000000000000 | 0.0000000047140862324823729000000000000000 
0.0000000379417608789567320000000000000000 | 0.0000000019884559554483872000000000000000 
0.0000000254603097077366060000000000000000 | 0.0000000008891017921897059800000000000000 
0.0000000848499330102781000000000000000000 | 0.0000000014810852544400177000000000000000 
0.0000000789256612248339530000000000000000 | 0.0000000000000286437540353290390000000000 
