0.0000000000001375566327510569000000000000 | 0.0000005249298473156824100000000000000000 
0.0000000145017564623373120000000000000000 | 0.0000008308250159065611000000000000000000 
0.0000000102857919959120640000000000000000 | 0.0000002945478420682268200000000000000000 
0.0000000128526619347368860000000000000000 | 0.0000002452428782689919400000000000000000 
0.0000000524572527638156320000000000000000 | 0.0000007501697704276333300000000000000000 
0.0000000331066583036943030000000000000000 | 0.0000003784117398736297500000000000000000 
0.0000000163449023204975670000000000000000 | 0.0000001555112757317678200000000000000000 
0.0000000849025130200686820000000000000000 | 0.0000006914736351282257900000000000000000 
0.0000001295814403556860800000000000000000 | 0.0000009220231642625975600000000000000000 
0.0000000611868907762769250000000000000000 | 0.0000003863193926978425500000000000000000 
0.0000000252552854185239540000000000000000 | 0.0000001432298125936259900000000000000000 
0.0000001307785546522666200000000000000000 | 0.0000006727962525432396000000000000000000 
0.0000000722362580862778710000000000000000 | 0.0000003398452358416292900000000000000000 
0.0000000433076018380162960000000000000000 | 0.0000001875857925937030000000000000000000 
0.0000001763838849422327800000000000000000 | 0.0000007074361788594885100000000000000000 
0.0000001652052208367393900000000000000000 | 0.0000006165551989512074700000000000000000 
0.0000000988912834953836750000000000000000 | 0.0000003448751983992082200000000000000000 
0.0000000532283895848806310000000000000000 | 0.0000001741021998791225700000000000000000 
0.0000002231125393326038900000000000000000 | 0.0000006866690991924606600000000000000000 
0.0000001137852173593856300000000000000000 | 0.0000003304561530526051200000000000000000 
0.0000002113210381127217400000000000000000 | 0.0000005805993540941578600000000000000000 
0.0000002686098271587056300000000000000000 | 0.0000006997534656716375400000000000000000 
0.0000000755941710339769200000000000000000 | 0.0000001871022359267726600000000000000000 
0.0000001323348992610107200000000000000000 | 0.0000003117614120751177600000000000000000 
0.0000003575152394130753900000000000000000 | 0.0000008029916142571202900000000000000000 
0.0000002205819039646783600000000000000000 | 0.0000004730398530661261700000000000000000 
0.0000001692581282908278700000000000000000 | 0.0000003470305049990685100000000000000000 
0.0000004187302239389012500000000000000000 | 0.0000008218035994489447700000000000000000 
0.0000002087823686158785100000000000000000 | 0.0000003926628325823244800000000000000000 
0.0000000800801013278729100000000000000000 | 0.0000001444683903062404800000000000000000 
0.0000001873854983402978300000000000000000 | 0.0000003245611455149344200000000000000000 
0.0000004693777497788431700000000000000000 | 0.0000007811751516761944500000000000000000 
0.0000002416716531339346800000000000000000 | 0.0000003867557866188420200000000000000000 
0.0000001554633536349214800000000000000000 | 0.0000002393925604415869700000000000000000 
0.0000004618512668974617000000000000000000 | 0.0000006847222350225834500000000000000000 
0.0000003125134417913955100000000000000000 | 0.0000004463158281842183300000000000000000 
0.0000000028804466589704703000000000000000 | 0.0000000039645952076838853000000000000000 
0.0000001652769950899468700000000000000000 | 0.0000002193299795116843100000000000000000 
0.0000005017259240291949100000000000000000 | 0.0000006421795415434417000000000000000000 
0.0000003500194846184356800000000000000000 | 0.0000004322384368204979000000000000000000 
0.0000002261730290831209800000000000000000 | 0.0000002695425036502996400000000000000000 
0.0000005630863672001496000000000000000000 | 0.0000006477564012952186100000000000000000 
0.0000003404295058073714100000000000000000 | 0.0000003780855782897774000000000000000000 
0.0000000187729708445161240000000000000000 | 0.0000000201315530912182790000000000000000 
0.0000004022022105365508100000000000000000 | 0.0000004164924740646114300000000000000000 
0.0000005991722917819686200000000000000000 | 0.0000005991719806974771200000000000000000 
0.0000001814158993029835200000000000000000 | 0.0000001751913993874865100000000000000000 
0.0000002188711025752354500000000000000000 | 0.0000002041006144093415700000000000000000 
0.0000006209415123192840700000000000000000 | 0.0000005590979756942005000000000000000000 
0.0000004011211651722135200000000000000000 | 0.0000003486896211768453200000000000000000 
0.0000000192030928936048890000000000000000 | 0.0000000161133141274305560000000000000000 
0.0000006862057664314136200000000000000000 | 0.0000005556781822457779200000000000000000 
0.0000003846616539737723900000000000000000 | 0.0000003005308892856106700000000000000000 
0.0000000416600236530229040000000000000000 | 0.0000000313930906825632410000000000000000 
0.0000002683472138942377700000000000000000 | 0.0000001949656760480422700000000000000000 
0.0000007140105289238363200000000000000000 | 0.0000004999553037121629000000000000000000 
0.0000004137969945583464000000000000000000 | 0.0000002791098689947091300000000000000000 
0.0000000346806933171350810000000000000000 | 0.0000000225219153326960960000000000000000 
0.0000006638935682312663300000000000000000 | 0.0000004148465773123888300000000000000000 
0.0000005010572610153474200000000000000000 | 0.0000003010659211932775700000000000000000 
0.0000000415484721072445500000000000000000 | 0.0000000239880346697418640000000000000000 
0.0000004302896378094445100000000000000000 | 0.0000002385134275639799700000000000000000 
0.0000006812055902694069700000000000000000 | 0.0000003622032971328792400000000000000000 
0.0000005306272242155962700000000000000000 | 0.0000002703684265359385100000000000000000 
0.0000000533092075483132530000000000000000 | 0.0000000260006545182989160000000000000000 
0.0000007692166026362912100000000000000000 | 0.0000003586914166797683400000000000000000 
0.0000005044496310668833400000000000000000 | 0.0000002245957574364965100000000000000000 
0.0000000109451339658228620000000000000000 | 0.0000000046459365243833872000000000000000 
0.0000004901011775859665000000000000000000 | 0.0000001980137193102748900000000000000000 
0.0000007758204884078523400000000000000000 | 0.0000002978101755202189300000000000000000 
0.0000002735126115593900000000000000000000 | 0.0000000995505728962342570000000000000000 
0.0000000214655179742173630000000000000000 | 0.0000000073911768927459320000000000000000 
0.0000003758686932808785700000000000000000 | 0.0000001221273321361238100000000000000000 
0.0000001384133042625634900000000000000000 | 0.0000000423172231700519320000000000000000 
0.0000006590106053638855600000000000000000 | 0.0000001889681977562673900000000000000000 
0.0000009101423549262577200000000000000000 | 0.0000002438726338649388500000000000000000 
0.0000003903484962208825200000000000000000 | 0.0000000973250083857735150000000000000000 
0.0000001308333633376346200000000000000000 | 0.0000000302052917122708210000000000000000 
0.0000006594988715691307800000000000000000 | 0.0000001401807758760753600000000000000000 
0.0000003520055063821470000000000000000000 | 0.0000000684231091785392210000000000000000 
0.0000001786003278880787800000000000000000 | 0.0000000314920937105611640000000000000000 
0.0000007090908951679075800000000000000000 | 0.0000001123089178323155600000000000000000 
0.0000006431487395153201400000000000000000 | 0.0000000903890686743125120000000000000000 
0.0000003671146237699263200000000000000000 | 0.0000000450761887815787080000000000000000 
0.0000001694933993851011100000000000000000 | 0.0000000178145120877104550000000000000000 
0.0000007039630790101059100000000000000000 | 0.0000000615887575383666790000000000000000 
0.0000004241709333357990300000000000000000 | 0.0000000296611446515271380000000000000000 
0.0000000811041546422419660000000000000000 | 0.0000000042505112762825092000000000000000 
0.0000006211436621439414600000000000000000 | 0.0000000216908204730970060000000000000000 
0.0000007494879912389729200000000000000000 | 0.0000000130828846645059120000000000000000 
0.0000001981349507775460700000000000000000 | 0.0000000000000841549052665868660000000000 
