0.0000000427059307916977100000000000000000 | 0.0002922530757560571000000000000000000000 
0.0000032096867432773735000000000000000000 | 0.0001848622279076277100000000000000000000 
0.0000021052772005702991000000000000000000 | 0.0000603394891887099050000000000000000000 
0.0000032590303675750221000000000000000000 | 0.0000621490143809522170000000000000000000 
0.0000130422100279581340000000000000000000 | 0.0001862624352632485900000000000000000000 
0.0000160255056445013370000000000000000000 | 0.0001829788554417455200000000000000000000 
0.0000322621822658186730000000000000000000 | 0.0003064998839081151100000000000000000000 
0.0000525938652877755430000000000000000000 | 0.0004275813107658121800000000000000000000 
0.0000609554359480846130000000000000000000 | 0.0004344118855337530900000000000000000000 
0.0000490951354695789990000000000000000000 | 0.0003102899878314746600000000000000000000 
0.0000332430364624602960000000000000000000 | 0.0001886363094351917200000000000000000000 
0.0000127868575902079230000000000000000000 | 0.0000657944656190512230000000000000000000 
0.0000169227939820215670000000000000000000 | 0.0000796314415364707260000000000000000000 
0.0000096980619352926567000000000000000000 | 0.0000420027999199212850000000000000000000 
0.0000401033399162198380000000000000000000 | 0.0001607889892290548200000000000000000000 
0.0000751583272819988930000000000000000000 | 0.0002803320279288201700000000000000000000 
0.0001095930245507137400000000000000000000 | 0.0003819100153119037200000000000000000000 
0.0001334053570132276400000000000000000000 | 0.0004367059398714956400000000000000000000 
0.0001025752622325626400000000000000000000 | 0.0003158727308633091400000000000000000000 
0.0000047711742084954878000000000000000000 | 0.0000138561693218686170000000000000000000 
0.0000468632707857352670000000000000000000 | 0.0001287283716215892300000000000000000000 
0.0000937490261326834330000000000000000000 | 0.0002441292026219010800000000000000000000 
0.0001382442418279561400000000000000000000 | 0.0003419849733880542300000000000000000000 
0.0001886837018060250100000000000000000000 | 0.0004448097927318150900000000000000000000 
0.0001465950036543262100000000000000000000 | 0.0003294176623853672900000000000000000000 
0.0000997462289455963710000000000000000000 | 0.0002139724673568266200000000000000000000 
0.0001097531819682640000000000000000000000 | 0.0002250989567431083100000000000000000000 
0.0000571577511184750970000000000000000000 | 0.0001121958917456589200000000000000000000 
0.0000015519443378186892000000000000000000 | 0.0000029187951430253989000000000000000000 
0.0000503208212994099570000000000000000000 | 0.0000907700783622789050000000000000000000 
0.0001141740111766376100000000000000000000 | 0.0001977031157742725800000000000000000000 
0.0001807846522777767400000000000000000000 | 0.0003007567218786810800000000000000000000 
0.0002520339372646951400000000000000000000 | 0.0004031254470416856300000000000000000000 
0.0002573560531706764500000000000000000000 | 0.0003960888418813590700000000000000000000 
0.0002122602190184341700000000000000000000 | 0.0003148177038743149600000000000000000000 
0.0001474297886990827400000000000000000000 | 0.0002106092295863781800000000000000000000 
0.0000779129970928105210000000000000000000 | 0.0001072530190845411000000000000000000000 
0.0000153307179608930260000000000000000000 | 0.0000203450947326988540000000000000000000 
0.0000598066243235884090000000000000000000 | 0.0000765413472996190340000000000000000000 
0.0001395078817967299000000000000000000000 | 0.0001722389032917659400000000000000000000 
0.0001332657832521233500000000000000000000 | 0.0001587865957788370300000000000000000000 
0.0002177109068108862300000000000000000000 | 0.0002503639293977011300000000000000000000 
0.0003041255099581752200000000000000000000 | 0.0003376114158797349800000000000000000000 
0.0002711419478634846700000000000000000000 | 0.0002908801626974044700000000000000000000 
0.0002016231920060063100000000000000000000 | 0.0002088476492266844200000000000000000000 
0.0001187507067252902000000000000000000000 | 0.0001187706917502584500000000000000000000 
0.0002090827258014460500000000000000000000 | 0.0002018502028171553800000000000000000000 
0.0002911191653530709200000000000000000000 | 0.0002713648214487385200000000000000000000 
0.0003373685599457054700000000000000000000 | 0.0003039068414882883900000000000000000000 
0.0002501172941615781300000000000000000000 | 0.0002174965100648629200000000000000000000 
0.0001585362563680803300000000000000000000 | 0.0001330557235371676600000000000000000000 
0.0001719849359621550300000000000000000000 | 0.0001393022230991025600000000000000000000 
0.0000762838294120493640000000000000000000 | 0.0000596054292888448240000000000000000000 
0.0000206060847358635610000000000000000000 | 0.0000155273880466655360000000000000000000 
0.0001075174017032276600000000000000000000 | 0.0000781050823221995930000000000000000000 
0.0002108769242871178000000000000000000000 | 0.0001476172305610035100000000000000000000 
0.0003150886291147792000000000000000000000 | 0.0002124429604163369200000000000000000000 
0.0003958147686276003400000000000000000000 | 0.0002571780679017088300000000000000000000 
0.0004028483092600732000000000000000000000 | 0.0002518607623405166900000000000000000000 
0.0003004766039880202300000000000000000000 | 0.0001806163404491911700000000000000000000 
0.0001974201031008648900000000000000000000 | 0.0001140106137129670600000000000000000000 
0.0000904842571147757010000000000000000000 | 0.0000501623879731738500000000000000000000 
0.0000032073379007124814000000000000000000 | 0.0000017053652663356900000000000000000000 
0.0001124870681208922600000000000000000000 | 0.0000573061129158780600000000000000000000 
0.0002253926780405590700000000000000000000 | 0.0001098964394420365300000000000000000000 
0.0002142686441063967900000000000000000000 | 0.0000998843384583114610000000000000000000 
0.0003297162043685575300000000000000000000 | 0.0001467279231363027800000000000000000000 
0.0004451106090099243900000000000000000000 | 0.0001888113907687616300000000000000000000 
0.0003416819744463950300000000000000000000 | 0.0001381218222796798400000000000000000000 
0.0002438241133132512700000000000000000000 | 0.0000936319132890384150000000000000000000 
0.0001284212848790544600000000000000000000 | 0.0000467515003205187800000000000000000000 
0.0000135471786867902290000000000000000000 | 0.0000046647801680288481000000000000000000 
0.0003161835312692207200000000000000000000 | 0.0001026762474397591200000000000000000000 
0.0004370184553756373300000000000000000000 | 0.0001335009026259825800000000000000000000 
0.0003815958799049390400000000000000000000 | 0.0001095029476364528500000000000000000000 
0.0002800163683076006800000000000000000000 | 0.0000750737465045059340000000000000000000 
0.0001604719015464162200000000000000000000 | 0.0000400242810396633790000000000000000000 
0.0000416843807639899480000000000000000000 | 0.0000096245490417423696000000000000000000 
0.0000799510951721982280000000000000000000 | 0.0000169907384998113640000000000000000000 
0.0000661152563652123160000000000000000000 | 0.0000128492130356816500000000000000000000 
0.0001889581395756734200000000000000000000 | 0.0000332997838415893810000000000000000000 
0.0003106127593339447200000000000000000000 | 0.0000491462574966350370000000000000000000 
0.0004347355000787200800000000000000000000 | 0.0000610009170507463950000000000000000000 
0.0004272569517544538800000000000000000000 | 0.0000525540389635370530000000000000000000 
0.0003061748792329982400000000000000000000 | 0.0000322280228514104650000000000000000000 
0.0001826533041026090500000000000000000000 | 0.0000159970235452666640000000000000000000 
0.0001859364364261567600000000000000000000 | 0.0000130194139198458460000000000000000000 
0.0000618226673480409830000000000000000000 | 0.0000032419271943640027000000000000000000 
0.0000606660850087856200000000000000000000 | 0.0000021166822290474840000000000000000000 
0.0001851889730308947700000000000000000000 | 0.0000032153901529108353000000000000000000 
0.0002925798706525952200000000000000000000 | 0.0000000427058773899702260000000000000000 
