0.0000000000000008881784197001252300000000 | 0.0000000480926891036783310000000000000000 
0.0000000061800848882853643000000000000000 | 0.0000003540604773671907100000000000000000 
0.0000000063555545271043457000000000000000 | 0.0000001819988408660600000000000000000000 
0.0000000121030649946618500000000000000000 | 0.0000002309407912820526900000000000000000 
0.0000000191945365157764060000000000000000 | 0.0000002744941801635647500000000000000000 
0.0000000084523624765964200000000000000000 | 0.0000000966109156008698730000000000000000 
0.0000000334981037353188070000000000000000 | 0.0000003187137238291892800000000000000000 
0.0000000267904767259352640000000000000000 | 0.0000002181907739207122900000000000000000 
0.0000000632188753568740940000000000000000 | 0.0000004498265046004590300000000000000000 
0.0000000134067877910482030000000000000000 | 0.0000000846471226723100050000000000000000 
0.0000000575465574081945870000000000000000 | 0.0000003263631283834111900000000000000000 
0.0000000397935449036879160000000000000000 | 0.0000002047199729737769800000000000000000 
0.0000000269036907196706920000000000000000 | 0.0000001265719015430821800000000000000000 
0.0000000639573763949741190000000000000000 | 0.0000002770300700782879500000000000000000 
0.0000000610263323208570800000000000000000 | 0.0000002447631728408339300000000000000000 
0.0000000417908921912513160000000000000000 | 0.0000001559658168726052500000000000000000 
0.0000000325427679248591060000000000000000 | 0.0000001134901204680183200000000000000000 
0.0000000861852493816428480000000000000000 | 0.0000002818994587205914100000000000000000 
0.0000000757615641333586610000000000000000 | 0.0000002331700741931008700000000000000000 
0.0000000414577950857975000000000000000000 | 0.0000001204022311296348800000000000000000 
0.0000000482329873818798660000000000000000 | 0.0000001325190451817448400000000000000000 
0.0000000977269338786612710000000000000000 | 0.0000002545875278925358000000000000000000 
0.0000001030321533646017000000000000000000 | 0.0000002550134861611930100000000000000000 
0.0000000539802288423985030000000000000000 | 0.0000001271695033722153300000000000000000 
0.0000001635678533729034700000000000000000 | 0.0000003673793016467641300000000000000000 
0.0000000190619745543685330000000000000000 | 0.0000000408785479910633850000000000000000 
0.0000000397735462343007380000000000000000 | 0.0000000815478828353199960000000000000000 
0.0000002022504353993426200000000000000000 | 0.0000003969387073476937600000000000000000 
0.0000000150789879471702190000000000000000 | 0.0000000283594573380341330000000000000000 
0.0000001510951271876948000000000000000000 | 0.0000002725827927818613700000000000000000 
0.0000000510330920855395220000000000000000 | 0.0000000883919405447741720000000000000000 
0.0000002237882288369519300000000000000000 | 0.0000003724460690968101100000000000000000 
0.0000000110134081854340590000000000000000 | 0.0000000176251416794670490000000000000000 
0.0000001042407468121453500000000000000000 | 0.0000001605167485596581400000000000000000 
0.0000001952071286837053800000000000000000 | 0.0000002894064385916550500000000000000000 
0.0000000390110531656162610000000000000000 | 0.0000000557135765300031950000000000000000 
0.0000002773974424608027800000000000000000 | 0.0000003818047404902102900000000000000000 
0.0000001216907326018201700000000000000000 | 0.0000001614891355083969400000000000000000 
0.0000002081554909549865300000000000000000 | 0.0000002664268619056997500000000000000000 
0.0000000499363078665382430000000000000000 | 0.0000000616662273467127870000000000000000 
0.0000000803319764042242920000000000000000 | 0.0000000957359614917052680000000000000000 
0.0000002502528748671295500000000000000000 | 0.0000002878829769015212000000000000000000 
0.0000000213633187806649970000000000000000 | 0.0000000237263768632089980000000000000000 
0.0000003064290609033903900000000000000000 | 0.0000003286051873940820700000000000000000 
0.0000000709632255180281390000000000000000 | 0.0000000734845875260958790000000000000000 
0.0000002619973534789821200000000000000000 | 0.0000002619973425987964800000000000000000 
0.0000001615919872355320300000000000000000 | 0.0000001560475856310361600000000000000000 
0.0000001298654820347522300000000000000000 | 0.0000001211015838720186400000000000000000 
0.0000002665823108927156700000000000000000 | 0.0000002400317886674940800000000000000000 
0.0000000412477407785161180000000000000000 | 0.0000000358561288438252750000000000000000 
0.0000003460753722484000100000000000000000 | 0.0000002903916913599147200000000000000000 
0.0000003156335569576285100000000000000000 | 0.0000002555950054938804800000000000000000 
0.0000000089089743360304396000000000000000 | 0.0000000069604562114022883000000000000000 
0.0000003391589548096263200000000000000000 | 0.0000002555748193078244400000000000000000 
0.0000001174221218036564100000000000000000 | 0.0000000853122130717309800000000000000000 
0.0000003234082772696211800000000000000000 | 0.0000002264529150863836500000000000000000 
0.0000000184811981274179970000000000000000 | 0.0000000124657307809528110000000000000000 
0.0000003652284922273096900000000000000000 | 0.0000002371823760727309600000000000000000 
0.0000002595126399329572600000000000000000 | 0.0000001621615159930200900000000000000000 
0.0000000923281784359630820000000000000000 | 0.0000000554764002513863370000000000000000 
0.0000003714046139524640500000000000000000 | 0.0000002144305557560954900000000000000000 
0.0000000132384547213426630000000000000000 | 0.0000000073381990484122639000000000000000 
0.0000002601833003490483500000000000000000 | 0.0000001383419405698305100000000000000000 
0.0000001057623321143452700000000000000000 | 0.0000000538886379963798840000000000000000 
0.0000003752691802860752500000000000000000 | 0.0000001830310200068296900000000000000000 
0.0000003370552975612284300000000000000000 | 0.0000001571714872694585100000000000000000 
0.0000000688373184565271860000000000000000 | 0.0000000306483713963245920000000000000000 
0.0000004279857814815102300000000000000000 | 0.0000001816691915790258300000000000000000 
0.0000000479854554980008170000000000000000 | 0.0000000193873949116962760000000000000000 
0.0000003306547948223048600000000000000000 | 0.0000001269266456382922600000000000000000 
0.0000001745676973530230200000000000000000 | 0.0000000635374778346076140000000000000000 
0.0000004293928662080226400000000000000000 | 0.0000001478518355524371900000000000000000 
0.0000000776303317184812160000000000000000 | 0.0000000252236430631214150000000000000000 
0.0000003175882880568359200000000000000000 | 0.0000000970966331781397680000000000000000 
0.0000002006452864966590300000000000000000 | 0.0000000575341463360246050000000000000000 
0.0000004495531493176052600000000000000000 | 0.0000001204576463020856600000000000000000 
0.0000000723245097977720520000000000000000 | 0.0000000180325442356021880000000000000000 
0.0000003337824482640972000000000000000000 | 0.0000000770599081212353100000000000000000 
0.0000001930817341844193200000000000000000 | 0.0000000410408270701267950000000000000000 
0.0000001160707731873156200000000000000000 | 0.0000000225619005700394840000000000000000 
0.0000002909925737315521800000000000000000 | 0.0000000513099731591637460000000000000000 
0.0000002381243797977550300000000000000000 | 0.0000000377152392649904300000000000000000 
0.0000001709521748050058000000000000000000 | 0.0000000240258278827454320000000000000000 
0.0000001061682374375871900000000000000000 | 0.0000000130358475125547100000000000000000 
0.0000003047315763615721100000000000000000 | 0.0000000320287202315583390000000000000000 
0.0000002289404235356062900000000000000000 | 0.0000000200297367580759560000000000000000 
0.0000000515046569282695540000000000000000 | 0.0000000036015715965120876000000000000000 
0.0000003950795029877829400000000000000000 | 0.0000000207054425827024600000000000000000 
0.0000001445969792096546400000000000000000 | 0.0000000050494739500805963000000000000000 
0.0000002727234645755194400000000000000000 | 0.0000000047605308584053319000000000000000 
0.0000002787022074344580100000000000000000 | 0.0000000000000525135490647699040000000000 
