0.0000000000000002220446049250313100000000 | 0.0000000182903667195700110000000000000000 
0.0000000004588037727515370500000000000000 | 0.0000000262848594105580260000000000000000 
0.0000000009250625820911295700000000000000 | 0.0000000264903319419085290000000000000000 
0.0000000011849624614868048000000000000000 | 0.0000000226104343858946070000000000000000 
0.0000000004843584422431490600000000000000 | 0.0000000069266536673051604000000000000000 
0.0000000006600286983626801900000000000000 | 0.0000000075441692060085330000000000000000 
0.0000000007689384684539390900000000000000 | 0.0000000073159659580435132000000000000000 
0.0000000013665315545807744000000000000000 | 0.0000000111295134219702160000000000000000 
0.0000000010037659592398995000000000000000 | 0.0000000071421649427971801000000000000000 
0.0000000005795441904155040900000000000000 | 0.0000000036590962204652300000000000000000 
0.0000000006203146885042087900000000000000 | 0.0000000035179771873394827000000000000000 
0.0000000000123268062424131130000000000000 | 0.0000000000634129693199980690000000000000 
0.0000000040775672838222476000000000000000 | 0.0000000191834488016962010000000000000000 
0.0000000036208535059145674000000000000000 | 0.0000000156836409970217970000000000000000 
0.0000000038621943421190963000000000000000 | 0.0000000154904172267045230000000000000000 
0.0000000032238696157094182000000000000000 | 0.0000000120316469565118210000000000000000 
0.0000000078988668938961837000000000000000 | 0.0000000275466279786584780000000000000000 
0.0000000077651041152648759000000000000000 | 0.0000000253985176779103480000000000000000 
0.0000000071232643117369321000000000000000 | 0.0000000219231580667056390000000000000000 
0.0000000070556229747609223000000000000000 | 0.0000000204910219347986810000000000000000 
0.0000000027319848605600328000000000000000 | 0.0000000075060671567150905000000000000000 
0.0000000016052132956190235000000000000000 | 0.0000000041817236340335739000000000000000 
0.0000000025548199111824488000000000000000 | 0.0000000063234029679115622000000000000000 
0.0000000042432262148395239000000000000000 | 0.0000000099964172495248249000000000000000 
0.0000000059857548917463532000000000000000 | 0.0000000134442296184644760000000000000000 
0.0000000064669722910082328000000000000000 | 0.0000000138684696504576270000000000000000 
0.0000000005801230607005436500000000000000 | 0.0000000011894274454249398000000000000000 
0.0000000006991824896829257300000000000000 | 0.0000000013722226133161541000000000000000 
0.0000000010876471945309163000000000000000 | 0.0000000020455674376584909000000000000000 
0.0000000078378635803844077000000000000000 | 0.0000000141398837638639920000000000000000 
0.0000000063296214936059414000000000000000 | 0.0000000109632282696559000000000000000000 
0.0000000064517706732658553000000000000000 | 0.0000000107375514035723540000000000000000 
0.0000000047794141977419713000000000000000 | 0.0000000076486625921745599000000000000000 
0.0000000093797735134515392000000000000000 | 0.0000000144435894355865460000000000000000 
0.0000000118893928036101220000000000000000 | 0.0000000176267546114772240000000000000000 
0.0000000122706652616599850000000000000000 | 0.0000000175243313194073380000000000000000 
0.0000000146369161235782030000000000000000 | 0.0000000201459920967650420000000000000000 
0.0000000038576256633504613000000000000000 | 0.0000000051192442507286273000000000000000 
0.0000000063259221194655879000000000000000 | 0.0000000080968135529602137000000000000000 
0.0000000063293070784453676000000000000000 | 0.0000000078160462546605913000000000000000 
0.0000000154508189575963680000000000000000 | 0.0000000184135745540103810000000000000000 
0.0000000039242115112969600000000000000000 | 0.0000000045142899418593174000000000000000 
0.0000000014216766652808133000000000000000 | 0.0000000015789318741354919000000000000000 
0.0000000015521608442981005000000000000000 | 0.0000000016644887690375754000000000000000 
0.0000000088559338751181826000000000000000 | 0.0000000091705912863560002000000000000000 
0.0000000119571654799699440000000000000000 | 0.0000000119571692547282280000000000000000 
0.0000000115260173627618200000000000000000 | 0.0000000111305495931190990000000000000000 
0.0000000208853160321709200000000000000000 | 0.0000000194758791316473890000000000000000 
0.0000000213344285571182010000000000000000 | 0.0000000192096125672946980000000000000000 
0.0000000187556469244398730000000000000000 | 0.0000000163040413392323560000000000000000 
0.0000000036268068548395149000000000000000 | 0.0000000030432540931712992000000000000000 
0.0000000145437418774818640000000000000000 | 0.0000000117772946950367440000000000000000 
0.0000000145755727487539840000000000000000 | 0.0000000113876899021647660000000000000000 
0.0000000178588334120988180000000000000000 | 0.0000000134576015886622710000000000000000 
0.0000000031307814118974875000000000000000 | 0.0000000022746471373125132000000000000000 
0.0000000060440438209852232000000000000000 | 0.0000000042320873472334597000000000000000 
0.0000000062260434585681423000000000000000 | 0.0000000041995216193413398000000000000000 
0.0000000096863653764600599000000000000000 | 0.0000000062904028652610577000000000000000 
0.0000000184991788554356160000000000000000 | 0.0000000115595749639041400000000000000000 
0.0000000156914627957860380000000000000000 | 0.0000000094283862939192886000000000000000 
0.0000000157389073995872760000000000000000 | 0.0000000090868667035337580000000000000000 
0.0000000128272406030305320000000000000000 | 0.0000000071102591592264730000000000000000 
0.0000000233583090647471180000000000000000 | 0.0000000124198397122299300000000000000000 
0.0000000261001534829219390000000000000000 | 0.0000000132987002521289810000000000000000 
0.0000000265230611917743890000000000000000 | 0.0000000129361689138463020000000000000000 
0.0000000140756920563589460000000000000000 | 0.0000000065636067692054212000000000000000 
0.0000000128400003962525490000000000000000 | 0.0000000057167405254077153000000000000000 
0.0000000164880457065308410000000000000000 | 0.0000000069987651230007941000000000000000 
0.0000000203532257159189100000000000000000 | 0.0000000082232428644246625000000000000000 
0.0000000246033333706208170000000000000000 | 0.0000000094443417530953866000000000000000 
0.0000000214674474308118590000000000000000 | 0.0000000078135178327443100000000000000000 
0.0000000067131288306043757000000000000000 | 0.0000000023115177549826171000000000000000 
0.0000000074007408534804142000000000000000 | 0.0000000024046483693140885000000000000000 
0.0000000040872004114511640000000000000000 | 0.0000000012495836587689269000000000000000 
0.0000000001104791813588690300000000000000 | 0.0000000000316797699184689920000000000000 
0.0000000177507157306244780000000000000000 | 0.0000000047562949134771770000000000000000 
0.0000000144266829871231290000000000000000 | 0.0000000035969799361268429000000000000000 
0.0000000143590833112661190000000000000000 | 0.0000000033150592271269375000000000000000 
0.0000000109757485322603540000000000000000 | 0.0000000023329703724428441000000000000000 
0.0000000283064674477806480000000000000000 | 0.0000000055022284506378583000000000000000 
0.0000000268465714658994160000000000000000 | 0.0000000047337829212068527000000000000000 
0.0000000267942694975875640000000000000000 | 0.0000000042438033087677240000000000000000 
0.0000000233907418156764630000000000000000 | 0.0000000032873613831085891000000000000000 
0.0000000174276988812449570000000000000000 | 0.0000000021398580685172419000000000000000 
0.0000000212980918873340030000000000000000 | 0.0000000022385263642732411000000000000000 
0.0000000211180179870984470000000000000000 | 0.0000000018475939667084162000000000000000 
0.0000000217749320796656320000000000000000 | 0.0000000015226585547978289000000000000000 
0.0000000081802820697807199000000000000000 | 0.0000000004287127319813066600000000000000 
0.0000000043238575914150701000000000000000 | 0.0000000001509933289511877800000000000000 
0.0000000045434165943381011000000000000000 | 0.0000000000793066723403512700000000000000 
0.0000000104813059416271990000000000000000 | 0.0000000000000037747582837255322000000000 
