0.0000000000000002220446049250313100000000 | 0.0000000000004812469539664298400000000000 
0.0000000000000011102230246251565000000000 | 0.0000000000000810011779872610300000000000 
0.0000000000000255351295663786000000000000 | 0.0000000000007436690152573532900000000000 
0.0000000000000208721928629529430000000000 | 0.0000000000004063138714371916600000000000 
0.0000000000000298649993624167110000000000 | 0.0000000000004231615058358784200000000000 
0.0000000000000333066907387546960000000000 | 0.0000000000003742423038133324600000000000 
0.0000000000000670574706873594550000000000 | 0.0000000000006347977699050488800000000000 
0.0000000000000087707618945387367000000000 | 0.0000000000000656003029675389370000000000 
0.0000000000001175726183078040800000000000 | 0.0000000000008391898287385402000000000000 
0.0000000000000529576382746199670000000000 | 0.0000000000003313183061237623400000000000 
0.0000000000001153521722585537600000000000 | 0.0000000000006519507156355075500000000000 
0.0000000000000055511151231257827000000000 | 0.0000000000000252575738102223110000000000 
0.0000000000001219024881038421900000000000 | 0.0000000000005711819905940274100000000000 
0.0000000000001935118731921647800000000000 | 0.0000000000008352762925767365200000000000 
0.0000000000000668354260824344240000000000 | 0.0000000000002662592368807281700000000000 
0.0000000000001421085471520200400000000000 | 0.0000000000005287992266289620600000000000 
0.0000000000001456612608308205400000000000 | 0.0000000000005069278330438464800000000000 
0.0000000000002530198273120731800000000000 | 0.0000000000008272826867994354000000000000 
0.0000000000000709432512735475030000000000 | 0.0000000000002175482016752994200000000000 
0.0000000000002025046796916285500000000000 | 0.0000000000005871414465730140400000000000 
0.0000000000001030286966852145300000000000 | 0.0000000000002844391389089651100000000000 
0.0000000000000099920072216264089000000000 | 0.0000000000000274225087082413670000000000 
0.0000000000001092459456231154000000000000 | 0.0000000000002697841949839130400000000000 
0.0000000000002210454042028686700000000000 | 0.0000000000005198064201294982900000000000 
0.0000000000000025535129566378600000000000 | 0.0000000000000068278716014447127000000000 
0.0000000000000359712259978550720000000000 | 0.0000000000000780486786311485050000000000 
0.0000000000000200950367457153330000000000 | 0.0000000000000399125177352743780000000000 
0.0000000000001394440118929196600000000000 | 0.0000000000002731703752090197700000000000 
0.0000000000001244560010604800500000000000 | 0.0000000000002344235916496018000000000000 
0.0000000000003025357742103551600000000000 | 0.0000000000005458411500569582100000000000 
0.0000000000000057731597280508140000000000 | 0.0000000000000104916075827077290000000000 
0.0000000000001627586954100479500000000000 | 0.0000000000002696731726814505200000000000 
0.0000000000001699751450701114700000000000 | 0.0000000000002730038417553259900000000000 
0.0000000000003925748615074553500000000000 | 0.0000000000006061817714453354700000000000 
0.0000000000002505773366578978300000000000 | 0.0000000000003718136909469649300000000000 
0.0000000000004523048602322887700000000000 | 0.0000000000006448175327022909200000000000 
0.0000000000004451994328746877700000000000 | 0.0000000000006136202657103240200000000000 
0.0000000000004680700271819660000000000000 | 0.0000000000006219469383950126900000000000 
0.0000000000002712274849159257400000000000 | 0.0000000000003477218513125990300000000000 
0.0000000000004602984660095899000000000000 | 0.0000000000005676570324908425400000000000 
0.0000000000001129096816043784200000000000 | 0.0000000000001351141420968815500000000000 
0.0000000000001666444759962360000000000000 | 0.0000000000001920685832601520800000000000 
0.0000000000005525579993559404100000000000 | 0.0000000000006145084441300241500000000000 
0.0000000000003843592111252291900000000000 | 0.0000000000004127809205556332000000000000 
0.0000000000001613154054780352500000000000 | 0.0000000000001678657213233236700000000000 
0.0000000000001744160371686120900000000000 | 0.0000000000001749711486809246700000000000 
0.0000000000003479438959175240600000000000 | 0.0000000000003367306433688099800000000000 
0.0000000000001119104808822157800000000000 | 0.0000000000001049160758270772900000000000 
0.0000000000000818234369148740370000000000 | 0.0000000000000730526750203353000000000000 
0.0000000000003488320743372241900000000000 | 0.0000000000003038680418399053500000000000 
0.0000000000004143352327901084200000000000 | 0.0000000000003484990074298366400000000000 
0.0000000000002883249194951531500000000000 | 0.0000000000002328137682638953300000000000 
0.0000000000002177147351289932000000000000 | 0.0000000000001703082119774990100000000000 
0.0000000000000488498130835068880000000000 | 0.0000000000000361932706027801030000000000 
0.0000000000000331956684362921810000000000 | 0.0000000000000235367281220533190000000000 
0.0000000000002575717417130363200000000000 | 0.0000000000001796340853843503300000000000 
0.0000000000002225997164373438900000000000 | 0.0000000000001507682867440962600000000000 
0.0000000000000045519144009631418000000000 | 0.0000000000000019984014443252818000000000 
0.0000000000003350653088318722400000000000 | 0.0000000000002099431739566171000000000000 
0.0000000000006746825320647076300000000000 | 0.0000000000004048983370807945900000000000 
0.0000000000006108447081487611300000000000 | 0.0000000000003531619441332623000000000000 
0.0000000000004177214130152151500000000000 | 0.0000000000002315925229368076500000000000 
0.0000000000003988476215965874900000000000 | 0.0000000000002122746423083299300000000000 
0.0000000000007084333120133123900000000000 | 0.0000000000003609335053056383900000000000 
0.0000000000006843969835301777500000000000 | 0.0000000000003342881527146346300000000000 
0.0000000000005720979245893431700000000000 | 0.0000000000002672306820272751800000000000 
0.0000000000006484812686835539400000000000 | 0.0000000000002892130979148532800000000000 
0.0000000000004943268017143509500000000000 | 0.0000000000002093880624443045200000000000 
0.0000000000007515654765199997200000000000 | 0.0000000000003034239526300552800000000000 
0.0000000000006420419751407280300000000000 | 0.0000000000002468025783741723000000000000 
0.0000000000003896327704921986900000000000 | 0.0000000000001425526363618701000000000000 
0.0000000000004546363285840016000000000000 | 0.0000000000001562083795647595300000000000 
0.0000000000008302802889659233200000000000 | 0.0000000000002695621503789880100000000000 
0.0000000000002262079412673756500000000000 | 0.0000000000000689448498292222210000000000 
0.0000000000005521139101460903500000000000 | 0.0000000000001578737141016972600000000000 
0.0000000000005352385201717879700000000000 | 0.0000000000001429967255717201600000000000 
0.0000000000008026357356527569200000000000 | 0.0000000000001997291221300656600000000000 
0.0000000000002381705943577117100000000000 | 0.0000000000000541788836017076390000000000 
0.0000000000005064837438339964100000000000 | 0.0000000000001072475441787901200000000000 
0.0000000000007292499937250340700000000000 | 0.0000000000001423305917569450700000000000 
0.0000000000004332090242087360800000000000 | 0.0000000000000759392548843607070000000000 
0.0000000000007568667914625848400000000000 | 0.0000000000001190159082398167800000000000 
0.0000000000001288413820077494200000000000 | 0.0000000000000176525460915399890000000000 
0.0000000000007774475507815736800000000000 | 0.0000000000000960342916300760410000000000 
0.0000000000004608119441584790400000000000 | 0.0000000000000480726569662692780000000000 
0.0000000000007232825449676738600000000000 | 0.0000000000000627276008913213450000000000 
0.0000000000006759592885430265600000000000 | 0.0000000000000467403893367190900000000000 
0.0000000000003099673295814398000000000000 | 0.0000000000000167643676718398640000000000 
0.0000000000000269020916654483240000000000 | 0.0000000000000002220446049250313100000000 
0.0000000000006362375903901096300000000000 | 0.0000000000000115463194561016280000000000 
0.0000000000006204771366493882900000000000 | 0.0000000000000004440892098500626200000000 
