0.0000006874839511006314300000000000000000 | 0.0011725900521254542000000000000000000000 
0.0000115219066352256760000000000000000000 | 0.0006730724450232511400000000000000000000 
0.0000500008350386993430000000000000000000 | 0.0014035767509383359000000000000000000000 
0.0000222069160096260990000000000000000000 | 0.0004254674277851464000000000000000000000 
0.0001165675631081830600000000000000000000 | 0.0016474428848689965000000000000000000000 
0.0001108431890114447400000000000000000000 | 0.0012763600837210898000000000000000000000 
0.0000835696402952113000000000000000000000 | 0.0007920777395050288000000000000000000000 
0.0001254870474202141000000000000000000000 | 0.0010263970224873853000000000000000000000 
0.0001433374094361727900000000000000000000 | 0.0010161156868913057000000000000000000000 
0.0001252098342757745900000000000000000000 | 0.0007926019840759079800000000000000000000 
0.0002219045038147626800000000000000000000 | 0.0012538149159900536000000000000000000000 
0.0001058060910303915100000000000000000000 | 0.0005451333137273806100000000000000000000 
0.0002885679113542316500000000000000000000 | 0.0013530029270285016000000000000000000000 
0.0001000455886319695500000000000000000000 | 0.0004337856407297113700000000000000000000 
0.0003957573344827158800000000000000000000 | 0.0015818013189395908000000000000000000000 
0.0000512398011182080280000000000000000000 | 0.0001913053563321609500000000000000000000 
0.0005149490018572233700000000000000000000 | 0.0017895507140352485000000000000000000000 
0.0000092549315100498575000000000000000000 | 0.0000302698102204179700000000000000000000 
0.0005537533279561524000000000000000000000 | 0.0017095025805904385000000000000000000000 
0.0001540915764057793100000000000000000000 | 0.0004478590411303162700000000000000000000 
0.0005490656382570735500000000000000000000 | 0.0015047947170956366000000000000000000000 
0.0000812431086534282090000000000000000000 | 0.0002117173306090403000000000000000000000 
0.0006884794990016374100000000000000000000 | 0.0016995589002160028000000000000000000000 
0.0000019953937220318352000000000000000000 | 0.0000047008207403331781000000000000000000 
0.0007409373316787926100000000000000000000 | 0.0016682690365711905000000000000000000000 
0.0001066137543990208800000000000000000000 | 0.0002285587364801444600000000000000000000 
0.0007506037563134171400000000000000000000 | 0.0015423219243543840000000000000000000000 
0.0001645685626369131100000000000000000000 | 0.0003228394526619826600000000000000000000 
0.0006883023108191777000000000000000000000 | 0.0012968043152639108000000000000000000000 
0.0002871926606015096100000000000000000000 | 0.0005177478773648602800000000000000000000 
0.0006176078716654265200000000000000000000 | 0.0010712575144205538000000000000000000000 
0.0004325169047104671100000000000000000000 | 0.0007191455149657688400000000000000000000 
0.0005238953074031549300000000000000000000 | 0.0008393316396659855600000000000000000000 
0.0000086742241670600961000000000000000000 | 0.0000133573702579825590000000000000000000 
0.0010300389640339747000000000000000000000 | 0.0015301381263315150000000000000000000000 
0.0001326314443781395600000000000000000000 | 0.0001893707884428330600000000000000000000 
0.0009379007091441238200000000000000000000 | 0.0012930805529872691000000000000000000000 
0.0002786093186495364200000000000000000000 | 0.0003695492037291137100000000000000000000 
0.0008413072849651204200000000000000000000 | 0.0010783437238336413000000000000000000000 
0.0004469697193660859800000000000000000000 | 0.0005515613618070069900000000000000000000 
0.0008077277694729101400000000000000000000 | 0.0009638428795025744100000000000000000000 
0.0005382641740495630600000000000000000000 | 0.0006186897524916856700000000000000000000 
0.0006757430929401619900000000000000000000 | 0.0007512519024918118400000000000000000000 
0.0007282371788166486200000000000000000000 | 0.0007801040417593219100000000000000000000 
0.0005406238389000783700000000000000000000 | 0.0005602688644388287300000000000000000000 
0.0009176342455496922000000000000000000000 | 0.0009164452450176607800000000000000000000 
0.0005605039410135903600000000000000000000 | 0.0005408508497112274300000000000000000000 
0.0007798650391036554600000000000000000000 | 0.0007280143052313947600000000000000000000 
0.0007514947584258413500000000000000000000 | 0.0006759617614100488200000000000000000000 
0.0006184431172555626700000000000000000000 | 0.0005380497773035397600000000000000000000 
0.0009640932189133311100000000000000000000 | 0.0008079378291878658300000000000000000000 
0.0005513073944773960700000000000000000000 | 0.0004467640606684586400000000000000000000 
0.0010786012417212110000000000000000000000 | 0.0008415084799998640000000000000000000000 
0.0003692882137259490000000000000000000000 | 0.0002784126485637639100000000000000000000 
0.0012933449356059556000000000000000000000 | 0.0009380927943735128900000000000000000000 
0.0001891030937420934400000000000000000000 | 0.0001324440025162188000000000000000000000 
0.0015304090515719793000000000000000000000 | 0.0010302217054318774000000000000000000000 
0.0000136314435117412810000000000000000000 | 0.0000088522094360277137000000000000000000 
0.0008396087774475979900000000000000000000 | 0.0005240684823273333800000000000000000000 
0.0007188653970751079900000000000000000000 | 0.0004323485928818815400000000000000000000 
0.0010715405270939615000000000000000000000 | 0.0006177712691290970800000000000000000000 
0.0005174620561173570700000000000000000000 | 0.0002870342272752735000000000000000000000 
0.0012970928580215979000000000000000000000 | 0.0006884557317476947000000000000000000000 
0.0003225482762867493100000000000000000000 | 0.0001644202008395101400000000000000000000 
0.0015426156456518347000000000000000000000 | 0.0007507470137871896700000000000000000000 
0.0002282625597305743000000000000000000000 | 0.0001064756448863057900000000000000000000 
0.0016685675785543808000000000000000000000 | 0.0007410702511607691900000000000000000000 
0.0000044000044622238832000000000000000000 | 0.0000018677047592952079000000000000000000 
0.0016992559012743436000000000000000000000 | 0.0006883570794533611100000000000000000000 
0.0002120224199176901100000000000000000000 | 0.0000813602214970732260000000000000000000 
0.0015044876303531018000000000000000000000 | 0.0005489538677918570600000000000000000000 
0.0004481680317653946600000000000000000000 | 0.0001541979704462459500000000000000000000 
0.0017098133809963501000000000000000000000 | 0.0005538543131633488800000000000000000000 
0.0000299572947162762840000000000000000000 | 0.0000091593858972949249000000000000000000 
0.0017892365786282838000000000000000000000 | 0.0005148589249429624800000000000000000000 
0.0001916210159533804400000000000000000000 | 0.0000513243818957009880000000000000000000 
0.0015814842312569521000000000000000000000 | 0.0003956782756061594200000000000000000000 
0.0004341040598856427100000000000000000000 | 0.0001001191015255198400000000000000000000 
0.0013526832733927741000000000000000000000 | 0.0002884999668364418600000000000000000000 
0.0005454541044735417000000000000000000000 | 0.0001058684464758652400000000000000000000 
0.0012534930858495719000000000000000000000 | 0.0002218477564356335900000000000000000000 
0.0007929247555783780500000000000000000000 | 0.0001252609563028306300000000000000000000 
0.0010157920723463387000000000000000000000 | 0.0001432919283335110100000000000000000000 
0.0010267213814987436000000000000000000000 | 0.0001255268737444525900000000000000000000 
0.0007917527348299119300000000000000000000 | 0.0000835354808808030920000000000000000000 
0.0012766856350602263000000000000000000000 | 0.0001108716711106794200000000000000000000 
0.0016471168860319046000000000000000000000 | 0.0001165447670000707700000000000000000000 
0.0004257937748180576400000000000000000000 | 0.0000222240191828371180000000000000000000 
0.0014032501551182602000000000000000000000 | 0.0000499894300102221580000000000000000000 
0.0006733991901465182000000000000000000000 | 0.0000115276100448591380000000000000000000 
0.0011722632572289161000000000000000000000 | 0.0000006874838976989039500000000000000000 
