0.0001250000000000417400000000000000000000 | 0.0163750000000000010000000000000000000000 
0.0009414452197619160900000000000000000000 | 0.0286100971932178660000000000000000000000 
0.0004845772725396990700000000000000000000 | 0.0111630105551839550000000000000000000000 
0.0002767146753220872700000000000000000000 | 0.0062734453647093139000000000000000000000 
0.0013421987270176849000000000000000000000 | 0.0236939592552879370000000000000000000000 
0.0020071996740815834000000000000000000000 | 0.0201567753385275830000000000000000000000 
0.0003343976455643105100000000000000000000 | 0.0027840583993252177000000000000000000000 
0.0016413452610787305000000000000000000000 | 0.0145568181772239010000000000000000000000 
0.0047055727843307027000000000000000000000 | 0.0299519278056724900000000000000000000000 
0.0021258457073356496000000000000000000000 | 0.0126905672369201080000000000000000000000 
0.0007547406825327840400000000000000000000 | 0.0045231419080249413000000000000000000000 
0.0039353089311205958000000000000000000000 | 0.0216839561687858780000000000000000000000 
0.0050226097930686775000000000000000000000 | 0.0222758518027267040000000000000000000000 
0.0012450754037578449000000000000000000000 | 0.0052364916500145520000000000000000000000 
0.0028292614259628479000000000000000000000 | 0.0117343462749154300000000000000000000000 
0.0071991596141426362000000000000000000000 | 0.0286314924925819560000000000000000000000 
0.0043867119519849229000000000000000000000 | 0.0148627000292975150000000000000000000000 
0.0005702259894677652600000000000000000000 | 0.0018716456920280233000000000000000000000 
0.0058184635078131208000000000000000000000 | 0.0185169322148636130000000000000000000000 
0.0057685980602725229000000000000000000000 | 0.0161506607742025190000000000000000000000 
0.0000573543762191208730000000000000000000 | 0.0003013250841671921700000000000000000000 
0.0061695461764769144000000000000000000000 | 0.0166491283577914760000000000000000000000 
0.0105588844915567300000000000000000000000 | 0.0251122306504996120000000000000000000000 
0.0038798860840547622000000000000000000000 | 0.0089876983860013304000000000000000000000 
0.0030795069122134811000000000000000000000 | 0.0070178134646004531000000000000000000000 
0.0103171745996062380000000000000000000000 | 0.0228994294693755650000000000000000000000 
0.0088878376846495133000000000000000000000 | 0.0177226880637466610000000000000000000000 
0.0011003186968970846000000000000000000000 | 0.0021033376133708925000000000000000000000 
0.0069586094101276030000000000000000000000 | 0.0133777230170274430000000000000000000000 
0.0149010081901240770000000000000000000000 | 0.0259092218516261410000000000000000000000 
0.0063067082502495930000000000000000000000 | 0.0107188443375637600000000000000000000000 
0.0025513913238237595000000000000000000000 | 0.0043192284249967683000000000000000000000 
0.0116705922702780020000000000000000000000 | 0.0192004156953206050000000000000000000000 
0.0119206332066789100000000000000000000000 | 0.0178923154785061160000000000000000000000 
0.0022876415906705194000000000000000000000 | 0.0033384488787955302000000000000000000000 
0.0075978828169611656000000000000000000000 | 0.0110450822475440800000000000000000000000 
0.0177329287909712140000000000000000000000 | 0.0252538965394181190000000000000000000000 
0.0085730909005400369000000000000000000000 | 0.0112163341438497040000000000000000000000 
0.0020516614442736003000000000000000000000 | 0.0026301165958754202000000000000000000000 
0.0129164494242703930000000000000000000000 | 0.0162890309973197090000000000000000000000 
0.0157320364788411380000000000000000000000 | 0.0183062515754295330000000000000000000000 
0.0043971778923906912000000000000000000000 | 0.0050348333655534372000000000000000000000 
0.0071675724773296867000000000000000000000 | 0.0080367430260800399000000000000000000000 
0.0189586918967931120000000000000000000000 | 0.0209044958723316740000000000000000000000 
0.0117149113217047680000000000000000000000 | 0.0119354944673374370000000000000000000000 
0.0005181032740181335000000000000000000000 | 0.0005129156470943252400000000000000000000 
0.0119352593907626760000000000000000000000 | 0.0117146843108936190000000000000000000000 
0.0209047348749873410000000000000000000000 | 0.0189589147703783660000000000000000000000 
0.0080369858820140694000000000000000000000 | 0.0071677911457995735000000000000000000000 
0.0050345867303173142000000000000000000000 | 0.0043969634956446679000000000000000000000 
0.0183060012360187760000000000000000000000 | 0.0157318264191261830000000000000000000000 
0.0162892849646493200000000000000000000000 | 0.0129166550829680200000000000000000000000 
0.0026303741137629899000000000000000000000 | 0.0020518626393083439000000000000000000000 
0.0112160731538465400000000000000000000000 | 0.0085728942304542644000000000000000000000 
0.0252541609220368060000000000000000000000 | 0.0177331208762006030000000000000000000000 
0.0110453499422448200000000000000000000000 | 0.0075980702588230864000000000000000000000 
0.0033381779535550660000000000000000000000 | 0.0022874588492726167000000000000000000000 
0.0178920414052523570000000000000000000000 | 0.0119204552214099420000000000000000000000 
0.0192006928331022180000000000000000000000 | 0.0116707654452021800000000000000000000000 
0.0043195085428874291000000000000000000000 | 0.0025515596356523451000000000000000000000 
0.0107185613248903520000000000000000000000 | 0.0063065448527859225000000000000000000000 
0.0259089360303786380000000000000000000000 | 0.0149008497567978400000000000000000000000 
0.0133780115597851300000000000000000000000 | 0.0069587628310561200000000000000000000000 
0.0021030464369956592000000000000000000000 | 0.0011001703350996817000000000000000000000 
0.0177223943424492100000000000000000000000 | 0.0088876944271757408000000000000000000000 
0.0228997256461251350000000000000000000000 | 0.0103173127091189530000000000000000000000 
0.0070181120065836433000000000000000000000 | 0.0030796398316954576000000000000000000000 
0.0089873975697232211000000000000000000000 | 0.0038797583950920256000000000000000000000 
0.0251119276515579530000000000000000000000 | 0.0105587620720084540000000000000000000000 
0.0166494334471001260000000000000000000000 | 0.0061696632893205594000000000000000000000 
0.0003016321709097269400000000000000000000 | 0.0000574661466843373600000000000000000000 
0.0161503517835674400000000000000000000000 | 0.0057684916662320562000000000000000000000 
0.0185172430152695240000000000000000000000 | 0.0058185644930203173000000000000000000000 
0.0018719582075321650000000000000000000000 | 0.0005703215350805201900000000000000000000 
0.0148623858938905510000000000000000000000 | 0.0043866218750706620000000000000000000000 
0.0286318081522031750000000000000000000000 | 0.0071992441949201291000000000000000000000 
0.0117346633625980690000000000000000000000 | 0.0028293404848394044000000000000000000000 
0.0052361732308586206000000000000000000000 | 0.0012450018908642946000000000000000000000 
0.0222755321490909760000000000000000000000 | 0.0050225418485508877000000000000000000000 
0.0216842769595320390000000000000000000000 | 0.0039353712865660695000000000000000000000 
0.0045234637381654230000000000000000000000 | 0.0007547974299119131200000000000000000000 
0.0126902444654176380000000000000000000000 | 0.0021257945853085936000000000000000000000 
0.0299516041911275230000000000000000000000 | 0.0047055273032280409000000000000000000000 
0.0145571425362352600000000000000000000000 | 0.0016413850874029690000000000000000000000 
0.0027837333946501008000000000000000000000 | 0.0003343634861499023000000000000000000000 
0.0201564497871884460000000000000000000000 | 0.0020071711919823487000000000000000000000 
0.0236942852541250290000000000000000000000 | 0.0013422215231257972000000000000000000000 
0.0062737717117422251000000000000000000000 | 0.0002767317784952982900000000000000000000 
0.0111626839593638800000000000000000000000 | 0.0004845658675112218800000000000000000000 
0.0286097704480945990000000000000000000000 | 0.0009414395163522826200000000000000000000 
0.0163753267948965400000000000000000000000 | 0.0002187499999466435700000000000000000000 
